FR1,1,0,0
FR2,0,1,0
FR3,0,1,0
FR4,0,0,1
FR5,1,0,0
FR6,0,0,1
FR7,1,0,0
FR8,0,0,1
FR9,0,1,1
FR10,1,0,0
FR11,1,0,0
FR12,0,0,1
FR13,1,0,0
FR14,0,1,0
FR15,1,0,0
FR16,1,0,0
FR17,0,0,1
FR18,0,0,1
FR19,0,0,1
FR20,0,0,1
FR21,1,0,0
FR22,1,0,0
FR23,1,0,0
FR24,1,0,0
FR25,1,0,0
FR26,1,0,0
FR27,0,0,1
FR28,0,0,1
FR29,0,0,1
FR30,0,1,0
FR31,1,0,0
FR32,0,0,1
FR33,0,0,1
FR34,0,1,0
FR35,1,0,0
FR36,0,0,1
FR37,0,0,1
FR38,0,0,1
FR39,0,0,1
FR40,1,1,0
FR41,1,0,0
FR42,0,0,1
FR43,0,0,1
FR44,0,1,0
FR45,0,0,1
FR46,1,0,0
FR47,1,0,0
FR48,0,0,1
FR49,0,1,0
FR50,0,1,0
FR51,1,0,0
FR52,1,0,1
FR53,0,0,1
FR54,0,0,1
FR55,0,0,1
FR56,1,0,0
FR57,0,0,1
FR58,0,0,1
FR59,0,1,0
FR60,0,0,1
